00000000000000000000010010010011
00000000000001001000100100110011
00000010100010010010001010010011
00000010000000101000101001100011
00000000000001001000100110110011
00000010010010011010001010010011
00000010000000101000000001100011
00000000000010011010101000000011
00000000010010011010101010000011
00000001010110100101011001100011
00000001010010011010001000100011
00000001010110100010000000100011
00000000010010011000100110010011
11111110000111111111000001101111
00000000010010010000100100010011
11111100110111111111000001101111
00000000000000000000000001101111
